0x919100
0xaaaa00
0xacac00
0xffffff
0x595900
0xffff00
0xa3a300
0x626200
0xe9e900
0x181800
0x0f0f00
0xabab00
0x5a5a00
0xe6e600
0x747400
0x6b6b00
0xdbdb00
0xe8e800
0x898900
0xe4e400
0x727200
0xe3e300
0xe0e000
0x161600
0x6c6c00
0xa2a200
0xb0b000
0x050500
0x9a9a00
0x1b1b00
0x555500
0x070700
0x1f1f00
0xd8d800
0xc9c900
0x6f6f00
0xeaea00
0x1a1a00
0x8c8c00
0x040400
0x010100
0x0d0d00
0x565600
0xdcdc00
0x0a0a00
0x111100
0x999900


CORRECTED MATRIX

[0, 1, 2, 3, 4, 5, 6, 3, 7, 8, 9, 3, 3, 3, 3, 3, 10, 11, 2, 3, 12, 13, 14, 15, 16, 17, 9, 3, 3, 3, 3, 3, 18, 11, 2, 3, 12, 19, 20, 20, 21, 22, 23, 3, 3, 3, 3, 3, 10, 11, 2, 3, 12, 13, 14, 24, 19, 7, 3, 3, 3, 3, 3, 3, 18, 25, 26, 27, 12, 5, 28, 29, 19, 30, 3, 3, 3, 3, 3, 3, 31, 32, 33, 34, 35, 36, 32, 37, 38, 39, 3, 3, 3, 3, 3, 3, 3, 40, 41, 31, 42, 43, 23, 44, 45, 3, 3, 3, 3, 3, 3, 3, 3, 3, 3, 3, 27, 41, 3, 46, 46, 3, 3, 3, 3, 3, 3, 3, 3, 3, 3, 3, 3, 3, 3, 44, 44, 3, 3, 3, 3, 3, 3, 3, 3, 3, 3, 3, 3, 3, 3, 3, 3, 3, 3, 3, 3, 3, 3, 3, 3, 3, 3, 3, 3, 3, 3, 3, 3, 3, 3, 3, 3, 3, 3, 3, 3, 3, 3, 3, 3, 3, 3, 3, 3, 3, 3, 3, 3, 3, 3, 3, 3, 3, 3, 3, 3, 3, 3, 3, 3, 3, 3, 3, 3, 3, 3, 3, 3, 3, 3, 3, 3, 3, 3, 3, 3, 3, 3, 3, 3, 3, 3, 3, 3, 3, 3, 3, 3, 3, 3, 3, 3, 3, 3, 3, 3, 3, 3, 3, 3, 3, 3, 3, 3, 3, 3, 3, 3, 3, 3, 3, 3, 3, 3, 3]
