0xffffff
0x100318
0x9a36e7
0xab54ff
0xaa54ff
0x9f3de9
0x190d20
0x181120
0xa049e9
0xac46ff
0xaa41ff
0xad47ff
0xae4cff
0xe4b7ff
0xa19da4
0x06010b
0x010001
0x9a959e
0xfcf5ff
0xc97dff
0xac54ff
0xe0bfff
0xf8efff
0xf2e3ff
0xae58f6
0x8e36cd
0x0f0815
0x020103
0x7327ab
0xcd91ff
0xf8f0ff
0xf6ecff
0xf2e5ff
0xb65efa
0xb148f6
0x7522a2
0x5f030b
0x120001
0x3a1d57
0x9f4ded
0xab53f1
0xae5af1
0xa65af1
0xa55bf6
0xa436a2
0xab030c
0xa50209
0x3a0000
0x030205
0x1e050e
0x9d050e
0x96050e
0x17050e
0x05050e
0x3e0309
0xab0000
0x6d0000
0x020000
0x630000
0xa50000
0x3d0000
0x030000
0x5e0000
0x180000
0x060000
0x0a0000
0x050000
0x010000

CORRECTED MATRIX

[0, 1, 2, 3, 4, 4, 3, 5, 6, 0, 0, 0, 0, 0, 0, 0, 0, 7, 8, 9, 10, 11, 12, 13, 14, 15, 16, 0, 0, 0, 0, 0, 0, 17, 18, 19, 20, 21, 22, 23, 24, 25, 26, 0, 0, 0, 0, 0, 27, 28, 29, 30, 31, 32, 33, 34, 35, 36, 37, 0, 0, 0, 0, 0, 38, 39, 40, 41, 42, 43, 44, 45, 46, 47, 0, 0, 0, 0, 0, 0, 48, 49, 50, 51, 52, 53, 54, 55, 56, 57, 0, 0, 0, 0, 0, 0, 0, 58, 59, 60, 0, 0, 61, 62, 63, 0, 0, 0, 0, 0, 0, 0, 0, 64, 65, 61, 0, 0, 0, 66, 67, 0, 0, 0, 0, 0, 0, 0, 0, 0, 0, 0, 0, 0, 0, 0, 0, 0, 0, 0, 0, 0, 0, 0, 0, 0, 0, 0, 0, 0, 0, 0, 0, 0, 0, 0, 0, 0, 0, 0, 0, 0, 0, 0, 0, 0, 0, 0, 0, 0, 0, 0, 0, 0, 0, 0, 0, 0, 0, 0, 0, 0, 0, 0, 0, 0, 0, 0, 0, 0, 0, 0, 0, 0, 0, 0, 0, 0, 0, 0, 0, 0, 0, 0, 0, 0, 0, 0, 0, 0, 0, 0, 0, 0, 0, 0, 0, 0, 0, 0, 0, 0, 0, 0, 0, 0, 0, 0, 0, 0, 0, 0, 0, 0, 0, 0, 0, 0, 0, 0, 0, 0, 0, 0, 0, 0, 0, 0, 0, 0, 0, 0, 0, 0, 0, 0]
