0xffffff
0x55aaff
0x55d5ff
0xff0000
0x0080ff
0x0055ff

CORRECTED MATRIX

[0, 0, 0, 0, 0, 0, 0, 0, 0, 0, 0, 0, 0, 0, 0, 0, 0, 0, 0, 0, 0, 0, 0, 0, 0, 0, 0, 0, 0, 0, 0, 0, 0, 0, 0, 0, 0, 0, 0, 0, 0, 0, 0, 0, 0, 0, 0, 0, 0, 0, 0, 1, 2, 1, 2, 1, 2, 1, 2, 1, 2, 0, 0, 0, 0, 3, 1, 1, 4, 5, 5, 5, 4, 5, 5, 5, 1, 2, 3, 0, 2, 3, 5, 4, 5, 4, 5, 4, 5, 4, 5, 4, 5, 4, 3, 1, 4, 3, 1, 1, 1, 1, 1, 1, 1, 1, 1, 2, 1, 1, 3, 5, 2, 3, 2, 1, 2, 1, 2, 1, 2, 1, 2, 1, 2, 1, 3, 1, 1, 3, 1, 1, 1, 2, 1, 1, 1, 2, 1, 1, 1, 2, 3, 1, 5, 3, 2, 1, 2, 1, 2, 1, 2, 1, 2, 1, 2, 1, 3, 4, 1, 3, 4, 5, 4, 5, 4, 5, 4, 5, 4, 5, 4, 5, 3, 1, 0, 3, 2, 1, 5, 4, 5, 4, 5, 4, 5, 4, 2, 1, 3, 0, 0, 0, 0, 1, 1, 2, 1, 1, 1, 2, 1, 1, 1, 0, 0, 0, 0, 0, 0, 0, 0, 0, 0, 0, 0, 0, 0, 0, 0, 0, 0, 0, 0, 0, 0, 0, 0, 0, 0, 0, 0, 0, 0, 0, 0, 0, 0, 0, 0, 0, 0, 0, 0, 0, 0, 0, 0, 0, 0, 0, 0, 0, 0, 0]
