
0xffffff
0x0080ff
0x55d5ff
0x0055ff
0x55aaff
0xff0000

CORRECTED MATRIX

[0, 0, 1, 2, 1, 3, 4, 3, 0, 0, 0, 0, 0, 0, 0, 0, 0, 5, 5, 5, 5, 5, 5, 5, 5, 0, 0, 0, 0, 0, 0, 0, 0, 3, 4, 3, 1, 3, 1, 2, 1, 0, 0, 0, 0, 0, 0, 0, 3, 1, 4, 1, 3, 1, 3, 4, 3, 1, 0, 0, 0, 0, 0, 0, 1, 2, 4, 3, 1, 3, 1, 2, 4, 3, 0, 0, 0, 0, 0, 0, 3, 4, 4, 1, 3, 3, 3, 4, 2, 3, 0, 0, 0, 0, 0, 0, 1, 2, 4, 3, 1, 3, 1, 2, 4, 3, 0, 0, 0, 0, 0, 0, 3, 4, 4, 1, 3, 1, 3, 4, 4, 1, 0, 0, 0, 0, 0, 0, 1, 2, 4, 3, 1, 3, 1, 2, 4, 3, 0, 0, 0, 0, 0, 0, 3, 4, 4, 1, 3, 3, 3, 4, 2, 3, 0, 0, 0, 0, 0, 0, 1, 2, 4, 3, 1, 3, 1, 2, 4, 3, 0, 0, 0, 0, 0, 0, 3, 4, 4, 1, 3, 1, 3, 4, 4, 1, 0, 0, 0, 0, 0, 0, 1, 3, 4, 3, 1, 3, 1, 2, 1, 3, 0, 0, 0, 0, 0, 0, 0, 3, 4, 1, 3, 3, 3, 4, 3, 0, 0, 0, 0, 0, 0, 0, 0, 5, 5, 5, 5, 5, 5, 5, 5, 0, 0, 0, 0, 0, 0, 0, 0, 0, 2, 4, 3, 1, 4, 1, 0, 0, 0, 0, 0, 0, 0, 0]
