[array([192, 192, 192], dtype=uint8),
 array([  0,  56, 248], dtype=uint8),
 array([188,   0,   0], dtype=uint8),
 array([255, 136, 104], dtype=uint8),
 array([255, 255, 255], dtype=uint8),
 array([ 68, 160, 255], dtype=uint8),
 array([ 24, 248, 184], dtype=uint8),
 array([ 0, 48, 80], dtype=uint8),
 array([  0, 124, 172], dtype=uint8),
 array([ 16,  92, 228], dtype=uint8),
 array([  0, 184, 248], dtype=uint8),
 array([248, 184, 184], dtype=uint8),
 array([0, 0, 0], dtype=uint8),
 array([136, 136,   0], dtype=uint8),
 array([168, 224, 255], dtype=uint8),
 array([152, 248,  88], dtype=uint8),
 array([ 0, 88,  0], dtype=uint8),
 array([ 68, 168,   0], dtype=uint8),
 array([100,  88,  76], dtype=uint8),
 array([124, 124, 124], dtype=uint8),
 array([88, 64,  0], dtype=uint8),
 array([216, 232,   0], dtype=uint8)]
	
HEC boje:
#c0c0c0
#f83800
#0000bc
#6888ff
#ffffff
#ffa044
#b8f818
#503000
#ac7c00
#e45c10
#f8b800
#b8b8f8
#000000
#008888
#ffe0a8
#58f898
#005800
#00a844
#4c5864
#7c7c7c
#004058
#00e8d8


CORRECTED MATRIX

[[0, 0, 0, 0, 0, 0, 0, 0, 0, 0, 0, 0, 0, 0, 0, 0, 0, 0, 0, 0, 0, 1, 1, 5, 5, 1, 1, 0, 0, 0, 0, 0, 1, 1, 0, 1, 1, 5, 1, 1, 1, 1, 5, 1, 1, 0, 1, 1, 0, 1, 1, 1, 1, 1, 1, 1, 1, 1, 1, 1, 1, 1, 1, 0, 0, 0, 1, 1, 1, 1, 5, 1, 1, 5, 1, 1, 1, 1, 0, 0, 1, 1, 1, 1, 5, 1, 1, 1, 1, 1, 1, 5, 1, 1, 1, 1, 0, 1, 1, 1, 4, 4, 1, 1, 1, 1, 4, 4, 1, 1, 1, 0, 0, 0, 1, 4, 4, 1, 4, 4, 4, 4, 1, 4, 4, 1, 0, 0, 0, 1, 1, 4, 4, 1, 1, 4, 4, 1, 1, 4, 4, 1, 1, 0, 1, 1, 1, 1, 4, 1, 1, 4, 4, 1, 1, 4, 1, 1, 1, 1, 0, 0, 0, 1, 4, 4, 1, 4, 4, 1, 4, 4, 1, 0, 0, 0, 0, 0, 0, 1, 1, 1, 4, 4, 4, 4, 1, 1, 1, 0, 0, 0, 0, 0, 1, 1, 0, 0, 1, 1, 1, 1, 0, 0, 1, 1, 0, 0, 0, 0, 0, 0, 0, 1, 1, 1, 1, 1, 1, 0, 0, 0, 0, 0, 0, 0, 0, 0, 1, 1, 1, 1, 1, 1, 1, 1, 0, 0, 0, 0, 0, 0, 0, 0, 0, 0, 0, 0, 0, 0, 0, 0, 0, 0, 0, 0],

[0, 0, 1, 0, 0, 0, 1, 0, 0, 0, 0, 0, 0, 0, 0, 0, 0, 0, 1, 0, 0, 0, 0, 1, 0, 0, 1, 0, 5, 0, 0, 0, 0, 0, 0, 0, 0, 1, 0, 1, 1, 0, 0, 1, 0, 1, 0, 0, 0, 0, 5, 0, 0, 1, 1, 1, 1, 1, 0, 1, 0, 1, 0, 0, 0, 0, 0, 1, 0, 1, 1, 1, 1, 1, 1, 1, 0, 0, 0, 0, 0, 1, 0, 1, 1, 0, 1, 1, 1, 5, 1, 1, 0, 1, 5, 0, 0, 1, 1, 1, 1, 5, 1, 1, 1, 1, 5, 1, 1, 1, 1, 0, 1, 0, 1, 1, 1, 1, 1, 1, 5, 1, 5, 1, 1, 1, 1, 0, 1, 0, 1, 1, 1, 1, 5, 1, 5, 1, 5, 5, 1, 1, 1, 0, 1, 1, 1, 1, 1, 5, 1, 5, 5, 5, 5, 5, 5, 1, 0, 1, 1, 1, 1, 1, 5, 5, 5, 5, 4, 5, 5, 1, 5, 1, 1, 1, 0, 1, 1, 5, 5, 5, 4, 5, 4, 5, 4, 5, 5, 1, 1, 1, 0, 1, 1, 5, 5, 4, 4, 4, 4, 4, 5, 5, 1, 1, 1, 0, 0, 0, 1, 1, 5, 5, 4, 4, 4, 4, 5, 5, 1, 1, 1, 0, 0, 0, 1, 1, 1, 5, 5, 5, 5, 5, 1, 1, 1, 1, 0, 0, 0, 0, 0, 0, 1, 1, 1, 1, 1, 1, 1, 0, 0, 0, 0, 0],

[0, 0, 0, 0, 0, 0, 0, 0, 0, 0, 0, 0, 0, 0, 0, 0, 0, 0, 0, 0, 0, 0, 0, 0, 0, 0, 0, 0, 0, 0, 0, 0, 0, 0, 0, 0, 0, 0, 0, 0, 0, 0, 0, 0, 0, 0, 0, 0, 0, 0, 0, 0, 0, 0, 1, 1, 1, 1, 0, 0, 0, 0, 0, 0, 0, 0, 0, 0, 0, 1, 1, 1, 1, 1, 1, 0, 0, 0, 0, 0, 0, 0, 0, 0, 0, 1, 1, 5, 5, 1, 1, 0, 0, 0, 0, 0, 0, 0, 0, 0, 1, 1, 5, 5, 5, 5, 1, 1, 0, 0, 0, 0, 0, 0, 0, 0, 1, 1, 5, 4, 4, 5, 1, 1, 0, 0, 0, 0, 0, 0, 0, 0, 1, 1, 5, 4, 4, 5, 1, 1, 0, 0, 0, 0, 0, 0, 0, 0, 1, 1, 5, 5, 5, 5, 1, 1, 0, 0, 0, 0, 0, 0, 0, 0, 0, 1, 1, 5, 5, 1, 1, 0, 0, 0, 0, 0, 0, 0, 0, 0, 0, 1, 1, 1, 1, 1, 1, 0, 0, 0, 0, 0, 0, 0, 0, 0, 0, 0, 1, 1, 1, 1, 0, 0, 0, 0, 0, 0, 0, 0, 0, 0, 0, 0, 0, 0, 0, 0, 0, 0, 0, 0, 0, 0, 0, 0, 0, 0, 0, 0, 0, 0, 0, 0, 0, 0, 0, 0, 0, 0, 0, 0, 0, 0, 0, 0, 0, 0, 0, 0, 0, 0, 0, 0, 0, 0],

[0, 0, 0, 0, 0, 1, 1, 5, 5, 1, 1, 0, 0, 0, 0, 0, 0, 0, 0, 1, 1, 5, 1, 1, 1, 1, 5, 1, 1, 0, 0, 0, 1, 1, 1, 1, 1, 1, 1, 1, 1, 1, 1, 1, 1, 1, 1, 1, 0, 1, 1, 1, 1, 1, 5, 1, 1, 5, 1, 1, 1, 1, 1, 0, 0, 0, 1, 1, 5, 1, 1, 1, 1, 1, 1, 5, 1, 1, 0, 0, 1, 1, 1, 1, 4, 4, 1, 1, 1, 1, 4, 4, 1, 1, 1, 1, 0, 1, 1, 4, 4, 1, 4, 4, 4, 4, 1, 4, 4, 1, 1, 0, 0, 0, 1, 4, 4, 1, 1, 4, 4, 1, 1, 4, 4, 1, 0, 0, 0, 1, 1, 1, 4, 1, 1, 4, 4, 1, 1, 4, 1, 1, 1, 0, 0, 1, 0, 1, 4, 4, 1, 4, 4, 1, 4, 4, 1, 0, 1, 0, 0, 0, 0, 1, 1, 1, 4, 4, 4, 4, 1, 1, 1, 0, 0, 0, 0, 0, 0, 1, 1, 0, 1, 1, 1, 1, 0, 1, 1, 0, 0, 0, 0, 0, 0, 0, 0, 0, 1, 1, 1, 1, 0, 0, 0, 0, 0, 0, 0, 0, 0, 0, 0, 0, 1, 1, 1, 1, 0, 0, 0, 0, 0, 0, 0, 0, 0, 0, 0, 0, 1, 1, 1, 1, 0, 0, 0, 0, 0, 0, 0, 0, 0, 0, 1, 1, 1, 1, 1, 1, 1, 1, 0, 0, 0, 0],

[0, 0, 0, 0, 0, 0, 0, 0, 0, 1, 0, 0, 0, 1, 0, 0, 0, 0, 0, 5, 0, 1, 0, 0, 1, 0, 0, 0, 0, 1, 0, 0, 0, 0, 1, 0, 1, 0, 0, 1, 1, 0, 1, 0, 0, 0, 0, 0, 0, 0, 1, 0, 1, 0, 1, 1, 1, 1, 1, 0, 0, 5, 0, 0, 0, 0, 0, 0, 1, 1, 1, 1, 1, 1, 1, 0, 1, 0, 0, 0, 0, 5, 1, 0, 1, 1, 5, 1, 1, 1, 0, 1, 1, 0, 1, 0, 0, 1, 1, 1, 1, 5, 1, 1, 1, 1, 5, 1, 1, 1, 1, 0, 0, 1, 1, 1, 1, 5, 1, 5, 1, 1, 1, 1, 1, 1, 0, 1, 0, 1, 1, 1, 5, 5, 1, 5, 1, 5, 1, 1, 1, 1, 0, 1, 1, 0, 1, 5, 5, 5, 5, 5, 5, 1, 5, 1, 1, 1, 1, 1, 1, 1, 1, 5, 1, 5, 5, 4, 5, 5, 5, 5, 1, 1, 1, 1, 1, 1, 1, 5, 5, 4, 5, 4, 5, 4, 5, 5, 5, 1, 1, 0, 0, 1, 1, 1, 5, 5, 4, 4, 4, 4, 4, 5, 5, 1, 1, 0, 0, 1, 1, 1, 5, 5, 4, 4, 4, 4, 5, 5, 1, 1, 0, 0, 0, 0, 1, 1, 1, 1, 5, 5, 5, 5, 5, 1, 1, 1, 0, 0, 0, 0, 0, 0, 0, 1, 1, 1, 1, 1, 1, 1, 0, 0, 0, 0],

[0, 0, 0, 0, 0, 4, 4, 4, 4, 4, 4, 0, 0, 0, 0, 0, 4, 0, 0, 3, 3, 3, 3, 3, 2, 4, 4, 4, 3, 0, 0, 0, 4, 0, 3, 3, 2, 2, 3, 3, 3, 2, 4, 3, 0, 0, 4, 3, 4, 4, 3, 2, 2, 2, 2, 3, 2, 4, 3, 3, 4, 4, 3, 0, 4, 4, 4, 4, 4, 4, 4, 4, 4, 4, 4, 4, 4, 3, 0, 0, 0, 4, 2, 3, 3, 3, 2, 2, 4, 4, 4, 4, 3, 0, 0, 0, 0, 2, 2, 2, 2, 2, 2, 2, 2, 4, 4, 3, 3, 0, 0, 0, 0, 2, 2, 2, 2, 2, 2, 2, 2, 2, 4, 3, 0, 0, 0, 0, 0, 2, 2, 4, 4, 4, 2, 2, 2, 2, 4, 3, 0, 0, 0, 0, 0, 0, 4, 4, 4, 4, 4, 4, 4, 4, 4, 3, 0, 0, 0, 0, 0, 0, 0, 4, 4, 4, 4, 4, 4, 4, 4, 4, 3, 0, 0, 0, 0, 0, 0, 0, 4, 4, 4, 4, 4, 4, 4, 4, 3, 0, 0, 0, 0, 0, 0, 0, 0, 0, 4, 4, 4, 4, 4, 4, 4, 3, 0, 0, 0, 0, 0, 2, 2, 2, 2, 2, 2, 2, 4, 4, 4, 4, 3, 0, 0, 0, 2, 2, 2, 2, 2, 2, 2, 2, 2, 2, 2, 2, 2, 2, 0, 0, 0, 0, 2, 2, 2, 2, 2, 2, 2, 2, 2, 2, 2, 0],

[0, 0, 0, 0, 0, 4, 4, 4, 4, 4, 4, 0, 0, 0, 0, 0, 0, 0, 0, 3, 4, 4, 4, 2, 3, 3, 3, 3, 3, 0, 0, 4, 3, 4, 0, 0, 3, 4, 2, 3, 3, 3, 2, 2, 3, 3, 0, 4, 0, 3, 4, 4, 3, 3, 4, 2, 3, 2, 2, 2, 2, 3, 4, 4, 0, 0, 3, 4, 4, 4, 4, 4, 4, 4, 4, 4, 4, 4, 4, 4, 0, 0, 0, 3, 4, 4, 4, 4, 2, 2, 3, 3, 3, 2, 4, 0, 0, 0, 0, 3, 3, 4, 4, 2, 2, 2, 2, 2, 2, 2, 2, 0, 0, 0, 0, 0, 3, 4, 2, 2, 2, 2, 2, 2, 2, 2, 2, 0, 0, 0, 0, 0, 3, 4, 2, 2, 2, 2, 4, 4, 4, 2, 2, 0, 0, 0, 0, 0, 3, 4, 4, 4, 4, 4, 4, 4, 4, 4, 0, 0, 0, 0, 0, 3, 4, 4, 4, 4, 4, 4, 4, 4, 4, 0, 0, 0, 0, 0, 0, 3, 4, 4, 4, 4, 4, 4, 4, 4, 0, 0, 0, 0, 0, 0, 3, 4, 4, 4, 4, 4, 4, 4, 0, 0, 0, 0, 0, 0, 0, 3, 4, 4, 4, 4, 2, 2, 2, 2, 2, 2, 2, 0, 0, 0, 2, 2, 2, 2, 2, 2, 2, 2, 2, 2, 2, 2, 2, 2, 0, 0, 0, 2, 2, 2, 2, 2, 2, 2, 2, 2, 2, 2, 0, 0, 0, 0],

[0, 0, 0, 0, 3, 3, 3, 4, 4, 4, 0, 0, 0, 0, 0, 0, 0, 0, 0, 3, 4, 4, 4, 4, 4, 4, 4, 4, 0, 0, 0, 0, 4, 4, 3, 4, 4, 4, 4, 4, 4, 4, 4, 4, 4, 0, 4, 4, 3, 4, 4, 3, 4, 4, 4, 4, 4, 4, 4, 4, 3, 4, 4, 0, 0, 3, 4, 4, 3, 4, 4, 4, 4, 4, 4, 4, 3, 4, 4, 0, 0, 0, 3, 4, 4, 4, 4, 4, 4, 4, 4, 4, 4, 4, 0, 0, 0, 0, 3, 4, 4, 4, 4, 4, 4, 4, 4, 4, 4, 3, 0, 0, 0, 0, 0, 3, 4, 4, 4, 4, 4, 4, 4, 4, 4, 0, 0, 0, 0, 0, 0, 3, 4, 4, 4, 4, 4, 4, 4, 4, 4, 0, 0, 0, 0, 0, 0, 0, 3, 4, 4, 4, 4, 4, 4, 4, 4, 4, 0, 0, 0, 0, 0, 0, 3, 4, 4, 4, 4, 4, 4, 4, 4, 4, 0, 0, 0, 0, 0, 0, 0, 3, 4, 4, 4, 4, 4, 4, 4, 4, 4, 0, 0, 0, 0, 0, 0, 0, 3, 3, 3, 4, 4, 4, 4, 4, 4, 0, 0, 0, 0, 0, 2, 2, 2, 2, 2, 3, 3, 3, 3, 4, 4, 4, 0, 0, 0, 2, 2, 2, 2, 2, 2, 2, 2, 2, 2, 2, 2, 2, 0, 0, 0, 0, 2, 2, 2, 2, 2, 2, 2, 2, 2, 2, 2, 0], 

[0, 0, 0, 0, 0, 0, 4, 4, 4, 3, 3, 3, 0, 0, 0, 0, 0, 0, 0, 0, 4, 4, 4, 4, 4, 4, 4, 4, 3, 0, 0, 0, 4, 4, 0, 4, 4, 4, 4, 4, 4, 4, 4, 4, 4, 3, 4, 4, 0, 4, 4, 3, 4, 4, 4, 4, 4, 4, 4, 4, 3, 4, 4, 3, 0, 4, 4, 3, 4, 4, 4, 4, 4, 4, 4, 3, 4, 4, 3, 0, 0, 0, 4, 4, 4, 4, 4, 4, 4, 4, 4, 4, 4, 3, 0, 0, 0, 0, 3, 4, 4, 4, 4, 4, 4, 4, 4, 4, 4, 3, 0, 0, 0, 0, 0, 4, 4, 4, 4, 4, 4, 4, 4, 4, 3, 0, 0, 0, 0, 0, 0, 4, 4, 4, 4, 4, 4, 4, 4, 4, 3, 0, 0, 0, 0, 0, 4, 4, 4, 4, 4, 4, 4, 4, 4, 3, 0, 0, 0, 0, 0, 0, 4, 4, 4, 4, 4, 4, 4, 4, 4, 3, 0, 0, 0, 0, 0, 4, 4, 4, 4, 4, 4, 4, 4, 4, 3, 0, 0, 0, 0, 0, 0, 4, 4, 4, 4, 4, 4, 3, 3, 3, 0, 0, 0, 0, 0, 0, 4, 4, 4, 3, 3, 3, 3, 2, 2, 2, 2, 2, 0, 0, 0, 0, 2, 2, 2, 2, 2, 2, 2, 2, 2, 2, 2, 2, 2, 0, 0, 0, 0, 2, 2, 2, 2, 2, 2, 2, 2, 2, 2, 2, 0, 0, 0, 0]]