Colors:
0xc0c0c0
0xffffff
0x219ce7
0xa50028
0xff8e9b


CORRECTED MATRIX

[0, 0, 0, 1, 2, 0, 0, 0, 0, 0, 0, 0, 0, 0, 0, 0, 0, 0, 1, 1, 2, 2, 0, 0, 0, 0, 0, 0, 0, 0, 0, 0, 0, 1, 1, 1, 2, 2, 2, 0, 0, 0, 0, 0, 0, 0, 0, 0, 1, 2, 1, 2, 0, 2, 0, 2, 0, 0, 0, 0, 0, 0, 0, 0, 1, 1, 2, 2, 2, 0, 2, 2, 0, 0, 0, 0, 0, 0, 0, 0, 1, 1, 2, 2, 2, 0, 2, 2, 0, 0, 0, 0, 0, 0, 0, 0, 1, 1, 2, 2, 2, 0, 2, 2, 0, 0, 0, 0, 0, 0, 0, 0, 1, 1, 2, 2, 2, 0, 2, 2, 0, 0, 0, 0, 0, 0, 0, 0, 1, 1, 2, 2, 2, 0, 2, 2, 0, 0, 0, 0, 0, 0, 0, 0, 1, 1, 2, 2, 2, 0, 2, 2, 0, 0, 0, 0, 0, 0, 0, 0, 1, 1, 2, 2, 2, 0, 2, 2, 0, 0, 0, 0, 0, 0, 0, 0, 1, 2, 1, 2, 2, 0, 2, 2, 0, 0, 0, 0, 0, 0, 0, 0, 2, 2, 2, 1, 0, 2, 0, 2, 0, 0, 0, 0, 0, 0, 0, 0, 0, 2, 2, 2, 2, 2, 2, 0, 0, 0, 0, 0, 0, 0, 0, 0, 0, 0, 2, 2, 2, 2, 0, 0, 0, 0, 0, 0, 0, 0, 0, 0, 0, 0, 0, 2, 2, 0, 0, 0, 0, 0, 0, 0, 0, 0, 0, 0],

[0, 0, 0, 0, 0, 1, 0, 0, 0, 0, 0, 0, 0, 0, 0, 0, 0, 0, 0, 0, 0, 1, 0, 0, 0, 0, 0, 0, 0, 0, 0, 0, 0, 0, 0, 0, 0, 0, 1, 0, 0, 0, 0, 0, 0, 0, 0, 0, 0, 0, 0, 0, 0, 0, 0, 1, 0, 0, 0, 0, 0, 0, 0, 0, 0, 0, 0, 0, 0, 0, 0, 1, 0, 0, 0, 0, 0, 0, 0, 0, 0, 0, 0, 0, 0, 0, 1, 0, 0, 0, 0, 0, 0, 0, 0, 0, 0, 0, 3, 3, 3, 3, 0, 0, 0, 0, 0, 0, 0, 0, 0, 0, 0, 3, 4, 4, 3, 3, 3, 0, 0, 0, 0, 0, 0, 0, 0, 0, 3, 4, 1, 4, 3, 3, 3, 3, 0, 0, 0, 0, 0, 0, 0, 0, 3, 4, 4, 3, 3, 3, 3, 3, 0, 0, 0, 0, 0, 0, 0, 0, 3, 3, 3, 3, 3, 3, 3, 3, 0, 0, 0, 0, 0, 0, 0, 0, 3, 3, 3, 3, 3, 3, 3, 3, 0, 0, 0, 0, 0, 0, 0, 0, 0, 3, 3, 3, 3, 3, 3, 0, 0, 0, 0, 0, 0, 0, 0, 0, 0, 0, 3, 3, 3, 3, 0, 0, 0, 0, 0, 0, 0, 0, 0, 0, 0, 0, 0, 0, 0, 0, 0, 0, 0, 0, 0, 0, 0, 0, 0, 0, 0, 0, 0, 0, 0, 0, 0, 0, 0, 0, 0, 0, 0, 0, 0, 0]

