libpng warning: iCCP: known incorrect sRGB profile
0x000000
0xffb600
0xf4ae00
0xf3ad00
0xffffff
0xfbb300
0xf3ae00
0xf8b100
0xf9b200
0xf1ac00
0xff00ff
0xf100f1
0xe200e2
0x020202
0xcc9100
0xf8f8f8
0xefefef
0xfafafa
0x010101
0x040404
0xf7b000
0x030303



[0, 0, 0, 0, 0, 0, 1, 1, 1, 1, 1, 1, 0, 0, 0, 0, 0, 0, 0, 0, 0, 1, 1, 1, 1, 1, 1, 1, 1, 0, 0, 0, 0, 2, 3, 0, 0, 1, 4, 1, 4, 4, 4, 4, 0, 0, 0, 0, 0, 0, 0, 1, 1, 1, 1, 4, 4, 4, 1, 4, 4, 0, 0, 0, 0, 1, 1, 1, 1, 1, 4, 4, 4, 4, 4, 4, 0, 0, 0, 0, 0, 0, 1, 1, 1, 0, 1, 4, 4, 4, 4, 0, 0, 0, 0, 0, 0, 1, 1, 0, 0, 10, 10, 4, 4, 0, 0, 0, 0, 0, 0, 0, 0, 0, 0, 0, 10, 10, 10, 10, 10, 0, 0, 0, 0, 0, 0, 0, 0, 0, 0, 0, 4, 10, 10, 10, 10, 10, 0, 4, 0, 0, 0, 0, 0, 0, 0, 4, 4, 4, 10, 10, 10, 10, 4, 4, 4, 0, 0, 0, 0, 0, 4, 4, 10, 10, 4, 4, 4, 10, 4, 4, 0, 0, 0, 0, 0, 0, 10, 10, 10, 10, 10, 10, 10, 10, 10, 0, 0, 0, 0, 0, 14, 0, 10, 10, 10, 10, 10, 10, 10, 10, 10, 0, 0, 0, 0, 0, 1, 1, 15, 16, 17, 4, 4, 4, 4, 4, 4, 4, 0, 0, 0, 0, 1, 0, 18, 19, 0, 0, 0, 0, 1, 1, 0, 0, 0, 0, 0, 0, 0, 0, 0, 0, 0, 0, 0, 0, 1, 1, 1, 0, 0, 0, 0, 0], 


[0, 0, 0, 0, 0, 0, 1, 1, 1, 1, 1, 1, 0, 0, 0, 0, 0, 0, 0, 0, 0, 1, 1, 1, 1, 1, 1, 1, 1, 0, 0, 0, 5, 0, 0, 1, 0, 1, 4, 1, 4, 4, 4, 4, 0, 0, 0, 0, 0, 6, 7, 1, 1, 1, 1, 4, 4, 4, 1, 4, 4, 0, 0, 0, 0, 0, 0, 8, 1, 7, 4, 4, 4, 4, 4, 4, 0, 0, 0, 0, 0, 0, 1, 1, 1, 0, 9, 4, 4, 4, 4, 0, 0, 0, 0, 0, 0, 0, 0, 0, 0, 0, 10, 4, 4, 0, 0, 0, 0, 0, 0, 0, 0, 0, 0, 0, 0, 11, 10, 10, 10, 0, 0, 0, 0, 0, 0, 0, 0, 0, 0, 0, 0, 10, 4, 10, 10, 0, 0, 0, 0, 0, 0, 0, 0, 0, 0, 0, 12, 10, 10, 10, 10, 10, 10, 0, 0, 0, 0, 0, 0, 0, 0, 0, 10, 10, 4, 10, 10, 10, 10, 0, 0, 0, 0, 0, 0, 0, 0, 10, 10, 4, 4, 4, 10, 4, 4, 10, 0, 0, 0, 0, 0, 0, 10, 10, 10, 4, 4, 10, 10, 10, 10, 10, 4, 0, 0, 0, 0, 0, 4, 4, 10, 10, 10, 10, 10, 4, 4, 4, 0, 0, 0, 0, 0, 0, 0, 0, 1, 1, 0, 0, 0, 20, 1, 0, 0, 0, 0, 0, 0, 0, 0, 0, 1, 1, 1, 0, 0, 1, 1, 1, 0, 0, 0, 0], 


[0, 0, 0, 0, 0, 0, 1, 1, 1, 1, 1, 1, 0, 0, 0, 0, 0, 0, 0, 0, 0, 1, 1, 1, 1, 1, 1, 1, 1, 0, 0, 0, 0, 1, 1, 0, 0, 1, 4, 1, 4, 4, 4, 4, 0, 0, 0, 0, 0, 0, 0, 1, 1, 1, 1, 4, 4, 4, 1, 4, 4, 0, 0, 0, 0, 1, 1, 1, 1, 1, 4, 4, 4, 4, 4, 4, 0, 0, 0, 0, 0, 0, 1, 1, 1, 0, 1, 4, 4, 4, 4, 0, 0, 0, 0, 0, 0, 1, 1, 0, 0, 10, 10, 4, 4, 0, 0, 0, 0, 0, 0, 0, 0, 0, 0, 0, 10, 10, 10, 10, 10, 0, 0, 0, 0, 0, 0, 0, 0, 0, 0, 0, 4, 10, 10, 10, 10, 10, 0, 0, 0, 0, 0, 0, 0, 0, 0, 4, 4, 4, 10, 10, 10, 10, 10, 10, 0, 0, 0, 0, 0, 0, 4, 4, 10, 10, 4, 4, 4, 10, 10, 10, 0, 0, 0, 0, 0, 13, 10, 10, 10, 10, 10, 10, 10, 10, 10, 0, 0, 0, 0, 0, 1, 4, 10, 10, 10, 10, 10, 10, 10, 10, 10, 0, 0, 0, 0, 0, 1, 1, 4, 4, 4, 4, 4, 4, 4, 4, 4, 4, 0, 0, 0, 0, 1, 13, 18, 21, 0, 0, 0, 18, 1, 1, 0, 0, 0, 0, 0, 0, 0, 0, 0, 0, 0, 0, 0, 18, 1, 1, 1, 0, 0, 0, 0, 0], 

