libpng warning: iCCP: known incorrect sRGB profile
0x020202
0x000000
0x000203
0x000f15
0xf157e9
0x021117
0x12fefe
0x19fefe
0x13fefe
0x001b26
0x0dfefe
0x31fefe
0x14fefe
0x3cfefe
0x27fefe
0x2cfefe
0x05f7f7
0x0efefe
0x0afefe
0xf158e9
0x32fefe
0x06fefe
0x3dfefe
0x3afefe
0x070808
0x09fefe
0x0bfefe
0x42fefe
0x08fefe
0x22fefe
0x26fefe
0x040404
0x2dfefe
0x25fefe
0x20fefe
0x02fefe
0x11fefe
0x03fefe
0x030303
0x48fefe
0x1ffefe
0x44fefe
0x35fefe
0x2efefe
0x41fefe
0x4bfefe
0x3bfefe
0x0ffefe
0x0dffff


[0, 1, 1, 1, 1, 1, 1, 1, 1, 1, 1, 1, 1, 1, 1, 1, 0, 1, 1, 1, 1, 1, 1, 1, 1, 1, 1, 1, 1, 1, 1, 1, 0, 1, 1, 1, 1, 1, 1, 1, 1, 1, 1, 1, 1, 1, 1, 1, 0, 6, 1, 7, 1, 1, 1, 1, 1, 1, 1, 1, 1, 1, 1, 8, 0, 10, 1, 11, 1, 12, 13, 1, 14, 1, 1, 15, 16, 17, 1, 18, 0, 8, 1, 20, 1, 21, 1, 1, 22, 1, 1, 23, 24, 8, 1, 25, 0, 26, 1, 27, 1, 28, 29, 1, 30, 31, 1, 32, 33, 34, 1, 28, 0, 35, 21, 21, 1, 36, 1, 1, 37, 38, 1, 39, 1, 1, 1, 28, 0, 40, 1, 41, 1, 20, 42, 1, 18, 1, 1, 1, 1, 1, 1, 33, 0, 6, 1, 43, 1, 1, 1, 1, 44, 33, 45, 1, 1, 1, 1, 46, 0, 36, 1, 47, 1, 1, 1, 1, 1, 1, 1, 1, 1, 1, 1, 1, 0, 1, 1, 1, 1, 1, 1, 1, 1, 1, 1, 1, 1, 1, 1, 28, 0, 1, 1, 1, 1, 1, 1, 1, 1, 1, 1, 1, 1, 1, 1, 48, 0, 1, 1, 1, 1, 1, 1, 1, 1, 1, 1, 1, 1, 1, 1, 1, 0, 1, 1, 1, 1, 1, 1, 1, 1, 1, 1, 1, 1, 1, 1, 1, 0, 1, 1, 1, 1, 1, 1, 1, 1, 1, 1, 1, 1, 1, 1, 1], 



[1, 1, 1, 1, 1, 1, 1, 1, 1, 1, 1, 1, 1, 1, 1, 1, 1, 1, 2, 2, 2, 2, 2, 2, 1, 2, 2, 2, 2, 2, 2, 1, 1, 2, 2, 4, 4, 4, 4, 2, 2, 2, 4, 4, 4, 4, 2, 2, 2, 2, 4, 4, 4, 4, 4, 4, 2, 4, 4, 4, 4, 4, 4, 2, 2, 4, 4, 4, 4, 4, 4, 4, 4, 4, 4, 4, 4, 4, 4, 4, 2, 4, 4, 4, 4, 4, 4, 4, 4, 4, 4, 4, 4, 4, 4, 4, 2, 4, 4, 4, 4, 4, 4, 4, 4, 4, 4, 4, 4, 4, 4, 4, 2, 4, 4, 4, 4, 4, 4, 4, 4, 4, 4, 4, 4, 4, 4, 4, 2, 2, 4, 4, 4, 4, 4, 4, 4, 4, 4, 4, 4, 4, 4, 2, 1, 2, 4, 4, 4, 4, 4, 4, 4, 4, 4, 4, 4, 4, 4, 2, 1, 2, 2, 4, 4, 4, 4, 4, 4, 4, 4, 4, 4, 4, 2, 2, 1, 1, 2, 2, 4, 4, 4, 4, 4, 4, 4, 4, 4, 2, 2, 1, 1, 1, 1, 2, 2, 2, 4, 4, 4, 4, 4, 2, 2, 2, 1, 1, 1, 1, 1, 1, 1, 2, 2, 4, 4, 4, 2, 2, 1, 1, 1, 1, 1, 1, 1, 1, 1, 1, 2, 2, 4, 2, 2, 1, 1, 1, 1, 1, 1, 1, 1, 1, 1, 1, 1, 2, 2, 2, 1, 1, 1, 1, 1, 1], 


[1, 1, 1, 1, 1, 1, 1, 1, 1, 1, 1, 1, 1, 1, 1, 0, 1, 3, 3, 3, 3, 3, 3, 1, 1, 3, 3, 3, 3, 3, 3, 0, 3, 3, 4, 4, 4, 4, 3, 3, 3, 3, 4, 4, 4, 4, 3, 5, 3, 4, 4, 4, 4, 4, 4, 9, 3, 4, 4, 4, 4, 4, 4, 5, 4, 4, 4, 4, 4, 4, 3, 9, 4, 4, 4, 4, 4, 4, 4, 19, 4, 4, 4, 4, 4, 4, 4, 9, 9, 4, 4, 4, 4, 4, 4, 19, 4, 4, 4, 4, 4, 4, 4, 4, 9, 3, 4, 4, 4, 4, 4, 19, 4, 4, 4, 4, 4, 4, 4, 9, 9, 4, 4, 4, 4, 4, 4, 19, 3, 4, 4, 4, 4, 4, 9, 9, 4, 4, 4, 4, 4, 4, 4, 5, 3, 4, 4, 4, 4, 3, 9, 4, 4, 4, 4, 4, 4, 4, 4, 5, 3, 3, 4, 4, 4, 4, 9, 9, 4, 4, 4, 4, 4, 4, 3, 5, 1, 3, 3, 4, 4, 4, 4, 9, 9, 4, 4, 4, 4, 3, 3, 0, 1, 1, 3, 3, 3, 4, 4, 4, 9, 3, 4, 3, 3, 3, 1, 0, 1, 1, 1, 1, 3, 3, 4, 3, 3, 4, 3, 3, 1, 1, 1, 0, 1, 1, 1, 1, 1, 3, 3, 4, 1, 1, 1, 1, 1, 1, 1, 0, 1, 1, 1, 1, 1, 1, 1, 1, 1, 1, 1, 1, 1, 1, 1, 0], 

