0xffffff
0x002161
0x001ce0
0x0000ae
0x0000b0
0x0000c2
0x0000ab
0x000d1c
0x0041cf
0x0001c0
0x0000bf
0x0000bd
0x0000b9
0x000002
0x00016f
0x0004b1
0x0000ba
0x0000ac
0x00003e
0x0000be
0x0000bc
0x00000e
0x0000a4
0x0000bb
0x0000b1
0x000014
0x0000c0
0x000204
0x00061d
0x00019e
0x0000ad
0x010101
0x03050b
0x000005
0x00205d
0x005dee
0x000bc6
0x0003bf
0x0006be
0x091720
0x2d5cc0
0x0005a9
0x0054ec
0x002eca
0x002edf
0x0062fc
0x0a5aa0
0x3186e7
0x0102c0
0x0005c0
0x000cc7
0x0061fa
0x006fff
0x0843a7
0x4ca5ff
0x1c38c8
0x0000aa
0x0007ad
0x0058e9
0x0061f1
0x0859a7
0x4cbcff
0x1c38db
0x00050a
0x00060e
0x0a42a0
0x316fe7
0x0409b3
0x0001c2
0x0000af
0x0000a1
0x000072
0x0a1b22
0x3177cd
0x2e71d8
0x0b1ac5
0x0409ae
0x030621
0x000009
0x00000b
0x000006
0x080f16
0x4994de
0x4b98f5
0x254cd1
0x50a2ff
0x346aa3
0x010203
0x204061
0x57c3ff
0x368dfc
0x2f84ff
0x297dfc
0x1c3853

CORRECTED MATRIX

[0, 0, 0, 0, 0, 0, 0, 0, 0, 0, 1, 2, 3, 4, 5, 6, 0, 0, 0, 0, 0, 0, 0, 0, 0, 7, 8, 9, 10, 10, 11, 12, 0, 0, 0, 0, 0, 0, 0, 0, 13, 14, 15, 6, 16, 16, 6, 17, 0, 0, 0, 0, 0, 0, 0, 0, 18, 19, 20, 11, 10, 10, 11, 12, 0, 0, 0, 0, 0, 0, 0, 21, 22, 23, 6, 5, 24, 24, 5, 17, 0, 0, 0, 0, 0, 0, 0, 25, 4, 26, 20, 11, 10, 10, 11, 12, 0, 0, 0, 0, 0, 0, 27, 28, 29, 30, 17, 17, 30, 0, 17, 17, 0, 0, 0, 31, 32, 33, 34, 35, 36, 10, 20, 11, 0, 19, 37, 38, 0, 0, 0, 39, 40, 41, 42, 43, 12, 16, 6, 5, 24, 4, 44, 45, 0, 0, 0, 46, 47, 48, 49, 37, 10, 10, 20, 11, 19, 50, 51, 52, 0, 0, 0, 53, 54, 55, 56, 5, 24, 17, 17, 17, 17, 57, 58, 59, 0, 0, 0, 60, 61, 62, 23, 11, 10, 10, 20, 11, 11, 18, 63, 64, 0, 0, 0, 65, 66, 67, 68, 56, 4, 69, 70, 23, 71, 13, 0, 0, 0, 0, 0, 72, 73, 74, 75, 76, 77, 78, 78, 79, 80, 0, 0, 0, 0, 0, 0, 81, 82, 83, 84, 85, 86, 87, 0, 0, 0, 0, 0, 0, 0, 0, 0, 0, 88, 89, 90, 91, 92, 93, 0, 0, 0, 0, 0, 0]
