0xffffff
0x00060e
0x000309
0x005aec
0x005eec
0x0060ed
0x0062f1
0x00379f
0x00040c
0x0006b0
0x0006b4
0x0006c5
0x0004ae
0x001ec5
0x004ef3
0x00339f
0x00060c
0x0000c1
0x0000bf
0x0000bd
0x0000bc
0x0002c0
0x0003c3
0x001dca
0x0063f2
0x00050b
0x000101
0x0000ad
0x0000ac
0x0000b1
0x0002c2
0x001ec6
0x005bda
0x00101e
0x0003be
0x0013cf
0x00429f
0x010203
0x0301c2
0x0a04af
0x0903be
0x0a03af
0x032bd7
0x0009b5
0x0000b0
0x001fdd
0x011b54
0x0000be
0x3d11ce
0xa23ffb
0xa13cfb
0x3d14d0
0x0002bd
0x010247
0x1409b5
0x9649f5
0xae5aff
0xaf5dff
0xb05eff
0x9a53f5
0x1c15b7
0x0405b0
0x00006e
0x010303
0x000100
0x000201
0x6920de
0xae45ff
0xddaeff
0xf7efff
0xf6ebff
0xf6ecff
0xf5eaff
0xefeafc
0x5753cf
0x000018
0x0405ae
0x753ae3
0xcc7cff
0xc890ff
0xad4dff
0xb258ff
0xb265ff
0xb14dfe
0xb057f3
0x984be2
0x140a20
0x5c5ce2
0xf9f8fd
0xe0b2ff
0xab44ff
0xa93dff
0xe0c1ff
0xe0b3ff
0xd696e9
0xb31f23
0xac23af
0x6932a4

CORRECTED MATRIX

[0, 0, 0, 0, 0, 0, 0, 0, 0, 0, 0, 0, 0, 0, 0, 0, 0, 0, 0, 0, 0, 0, 0, 0, 0, 0, 0, 0, 0, 0, 0, 0, 0, 0, 0, 0, 0, 0, 0, 0, 0, 0, 0, 0, 0, 0, 0, 0, 0, 0, 0, 0, 0, 0, 0, 0, 0, 0, 0, 0, 0, 0, 0, 0, 1, 1, 1, 1, 2, 0, 0, 0, 0, 0, 0, 0, 0, 0, 0, 0, 3, 4, 5, 6, 7, 8, 2, 0, 0, 0, 0, 0, 0, 0, 0, 0, 9, 10, 11, 12, 13, 14, 15, 16, 2, 0, 0, 0, 0, 0, 0, 0, 17, 18, 19, 20, 21, 22, 23, 24, 7, 25, 26, 0, 0, 0, 0, 0, 27, 27, 28, 28, 28, 29, 30, 12, 31, 32, 33, 0, 0, 0, 0, 0, 17, 0, 19, 20, 18, 18, 19, 34, 21, 35, 36, 37, 0, 0, 0, 0, 27, 29, 38, 39, 40, 40, 41, 42, 43, 44, 45, 46, 0, 0, 0, 0, 17, 47, 48, 49, 50, 50, 49, 51, 47, 18, 52, 53, 0, 0, 0, 0, 28, 54, 55, 56, 57, 57, 58, 59, 60, 61, 62, 63, 64, 0, 0, 65, 17, 66, 67, 68, 69, 70, 71, 72, 73, 74, 75, 0, 0, 0, 0, 0, 76, 77, 78, 79, 80, 81, 82, 83, 84, 85, 86, 0, 0, 0, 0, 0, 87, 88, 89, 90, 91, 92, 93, 94, 95, 96, 97, 0, 0, 0, 0, 0]
