0xffffff
0x000409
0x004997
0x000204
0x0031ca
0x002c5c
0x0002bb
0x0042d1
0x00101f
0x0000ab
0x000dd0
0x002e9b
0x0000b9
0x0009c6
0x002fa0
0x000103
0x0000ac
0x0020c9
0x001d54
0x0000bb
0x002cdf
0x002c59
0x0000c0
0x0020d1
0x002361
0x002adc
0x0058de
0x000716
0x0002af
0x0048cd
0x001222
0x0000ba
0x0000bd
0x0000bf
0x003fe5
0x004ea0

CORRECTED MATRIX

[0, 0, 0, 0, 0, 0, 0, 0, 0, 0, 0, 0, 0, 0, 0, 0, 0, 0, 0, 0, 0, 0, 0, 0, 0, 0, 0, 0, 0, 0, 0, 0, 0, 0, 0, 0, 0, 0, 0, 0, 0, 0, 0, 0, 0, 0, 0, 0, 0, 0, 0, 0, 0, 0, 0, 0, 0, 0, 0, 0, 0, 0, 0, 0, 1, 0, 0, 0, 0, 0, 0, 0, 0, 0, 0, 0, 0, 0, 0, 0, 2, 3, 0, 0, 0, 0, 0, 0, 0, 0, 0, 0, 0, 0, 0, 0, 4, 5, 0, 0, 0, 0, 0, 0, 0, 0, 0, 0, 0, 0, 0, 0, 6, 7, 8, 0, 0, 0, 0, 0, 0, 0, 0, 0, 0, 0, 0, 0, 9, 10, 11, 0, 0, 0, 0, 0, 0, 0, 0, 0, 0, 0, 0, 0, 12, 13, 14, 15, 0, 0, 0, 0, 0, 0, 0, 0, 0, 0, 0, 0, 16, 9, 17, 18, 0, 0, 0, 0, 0, 0, 0, 0, 0, 0, 0, 0, 12, 19, 20, 21, 0, 0, 0, 0, 0, 0, 0, 0, 0, 0, 0, 0, 16, 22, 23, 24, 0, 0, 0, 0, 0, 0, 0, 0, 0, 0, 0, 0, 12, 19, 25, 26, 27, 0, 0, 0, 0, 0, 0, 0, 0, 0, 0, 0, 16, 16, 28, 29, 30, 0, 0, 0, 0, 0, 0, 0, 0, 0, 0, 0, 31, 32, 33, 34, 35, 0, 0, 0, 0, 0, 0, 0, 0, 0, 0, 0]
