0xaa46ff
0xad49ff
0xaf4aff
0xb04dff
0xa04afc
0x1e18cd
0x0405c5
0x00006e
0xffffff
0x000007
0xab56ff
0xddb9ff
0xf7edff
0xf6eaff
0xf5eaff
0xefe9fe
0x5752bb
0x000014
0xcb96ff
0xc88cff
0xad46ff
0xb250ff
0xb253ff
0xb152fe
0xb048f3
0x9838e1
0x140420
0xdab5ff
0xac58ff
0xad4dff
0xe2b6ff
0xe2c4ff
0xd5a0e1
0xb31b21
0xb03aae
0x6d28a4
0xac4bff
0xb155ff
0xf3e6ff
0xfefcff
0xfefeff
0xc85d60
0xa80000
0xe09ca3
0x9d9ba3
0xaa52ff
0xb353ff
0xebe2fa
0xfbfbfa
0xfbfdfd
0xc25353
0xa90000
0x9e0a0a
0x180a0a
0xab43f6
0xc09aff
0x2250ab
0xa6a8aa
0xa6a7a7
0x6d0303
0xad0000
0x950000
0x0f0000
0xac2166
0x4322c6
0x0020c8
0x0a275e
0x090804
0x140000
0x940000
0x3e0000
0xac0204
0x410071
0x002ae0
0x002a58
0x010000
0x090000
0x030000
0xab0000
0x960014
0x140397
0x00033a
0xaa0000
0xac0001
0x640009
0x000003
0xa4060d
0x930004
0x3d67e5
0x0d094f
0x010100
0x51a7ff
0x49a8df
0x081316
0x229fff
0x4ca9e9
0x0b1520
0x0169ff
0x3aa0ff
0x376a9e

CORRECTED MATRIX

[0, 1, 2, 2, 3, 4, 5, 6, 7, 8, 8, 8, 8, 8, 8, 9, 10, 11, 12, 13, 13, 14, 15, 16, 17, 8, 8, 8, 8, 8, 8, 8, 18, 19, 20, 21, 22, 23, 24, 25, 26, 8, 8, 8, 8, 8, 8, 8, 27, 28, 29, 30, 31, 32, 33, 34, 35, 8, 8, 8, 8, 8, 8, 8, 36, 37, 38, 39, 40, 41, 42, 43, 44, 8, 8, 8, 8, 8, 8, 8, 45, 46, 47, 48, 49, 50, 51, 52, 53, 8, 8, 8, 8, 8, 8, 8, 54, 55, 56, 57, 58, 59, 60, 61, 62, 8, 8, 8, 8, 8, 8, 8, 63, 64, 65, 66, 67, 68, 69, 70, 8, 8, 8, 8, 8, 8, 8, 8, 71, 72, 73, 74, 8, 75, 76, 77, 8, 8, 8, 8, 8, 8, 8, 8, 78, 79, 80, 81, 8, 8, 8, 8, 8, 8, 8, 8, 8, 8, 8, 8, 82, 83, 84, 85, 8, 8, 8, 8, 8, 8, 8, 8, 8, 8, 8, 8, 86, 87, 68, 8, 8, 8, 8, 8, 8, 8, 8, 8, 8, 8, 8, 8, 88, 89, 90, 8, 8, 8, 8, 8, 8, 8, 8, 8, 8, 8, 8, 8, 91, 92, 93, 8, 8, 8, 8, 8, 8, 8, 8, 8, 8, 8, 8, 8, 94, 95, 96, 8, 8, 8, 8, 8, 8, 8, 8, 8, 8, 8, 8, 8, 97, 98, 99, 8, 8, 8, 8, 8, 8, 8, 8, 8, 8, 8, 8, 8]
