
0x000000
0xf83800
0xffe3ab
0xffffff

[0, 0, 0, 0, 0, 0, 0, 0, 0, 0, 0, 0, 0, 0, 0, 0, 0, 0, 0, 0, 0, 0, 0, 0, 0, 0, 0, 0, 0, 0, 0, 0, 0, 0, 0, 0, 0, 0, 0, 0, 0, 0, 0, 0, 0, 0, 0, 0, 0, 0, 0, 0, 0, 0, 0, 0, 0, 0, 0, 0, 0, 0, 0, 0, 0, 0, 0, 1, 1, 1, 1, 1, 0, 0, 0, 0, 0, 0, 0, 0, 0, 0, 1, 1, 2, 2, 2, 2, 1, 1, 0, 0, 0, 0, 0, 0, 0, 1, 1, 2, 2, 2, 2, 2, 2, 1, 1, 0, 0, 0, 0, 0, 0, 1, 2, 3, 1, 3, 1, 3, 2, 2, 1, 1, 0, 1, 0, 0, 0, 1, 2, 3, 1, 3, 1, 3, 3, 2, 2, 1, 0, 0, 1, 0, 0, 0, 1, 2, 3, 3, 3, 3, 3, 2, 2, 1, 0, 1, 1, 0, 0, 1, 1, 2, 3, 3, 3, 3, 3, 2, 2, 1, 1, 1, 1, 1, 1, 1, 2, 2, 2, 3, 3, 3, 2, 2, 2, 1, 1, 2, 1, 0, 1, 1, 2, 2, 2, 2, 2, 2, 2, 2, 2, 2, 2, 1, 0, 0, 1, 1, 1, 2, 2, 2, 2, 2, 2, 2, 2, 1, 1, 0, 0, 0, 0, 1, 1, 1, 2, 2, 2, 2, 2, 1, 1, 1, 0, 0, 0, 0, 0, 0, 0, 1, 1, 1, 1, 1, 1, 1, 0, 0, 0, 0, 0, 0], 

[0, 0, 0, 0, 0, 0, 0, 0, 0, 0, 0, 0, 0, 0, 0, 0, 0, 0, 0, 0, 0, 0, 0, 0, 0, 0, 0, 0, 0, 0, 0, 0, 0, 0, 0, 0, 0, 0, 0, 0, 0, 0, 0, 0, 0, 0, 0, 0, 0, 0, 0, 0, 0, 0, 0, 0, 0, 0, 0, 0, 0, 0, 0, 0, 0, 0, 0, 0, 0, 0, 0, 0, 1, 1, 1, 1, 1, 0, 0, 0, 0, 0, 0, 0, 0, 0, 1, 1, 2, 2, 2, 2, 1, 1, 0, 0, 0, 0, 0, 0, 0, 1, 1, 2, 2, 2, 2, 2, 2, 1, 1, 0, 0, 0, 1, 0, 1, 1, 2, 2, 3, 1, 3, 1, 3, 2, 1, 0, 0, 1, 0, 0, 1, 2, 2, 3, 3, 1, 3, 1, 3, 2, 1, 0, 0, 1, 1, 0, 1, 2, 2, 3, 3, 3, 3, 3, 2, 1, 0, 0, 1, 1, 1, 1, 1, 2, 2, 3, 3, 3, 3, 3, 2, 1, 1, 0, 0, 1, 2, 1, 1, 2, 2, 2, 3, 3, 3, 2, 2, 2, 1, 1, 0, 0, 1, 2, 2, 2, 2, 2, 2, 2, 2, 2, 2, 2, 1, 1, 0, 0, 0, 1, 1, 2, 2, 2, 2, 2, 2, 2, 2, 1, 1, 1, 0, 0, 0, 0, 1, 1, 1, 2, 2, 2, 2, 2, 1, 1, 1, 0, 0, 0, 0, 0, 0, 0, 1, 1, 1, 1, 1, 1, 1, 0, 0, 0], 

