0xffffff
0x0000ff
0xaa0000
0x55d5ff
0x55aaff


CORRECTED MATRIX

[0, 0, 0, 0, 0, 0, 0, 0, 0, 0, 0, 0, 0, 0, 0, 0, 0, 0, 1, 1, 1, 1, 0, 0, 0, 0, 1, 1, 1, 1, 0, 0, 0, 1, 2, 3, 2, 2, 2, 0, 0, 1, 2, 3, 2, 2, 2, 0, 0, 4, 4, 4, 2, 4, 2, 2, 0, 4, 4, 4, 2, 4, 2, 2, 0, 2, 2, 3, 4, 3, 0, 0, 0, 2, 2, 3, 4, 3, 0, 0, 0, 0, 1, 2, 2, 1, 2, 0, 0, 0, 1, 2, 2, 1, 2, 0, 0, 3, 1, 1, 1, 1, 2, 2, 0, 3, 1, 1, 1, 1, 2, 2, 0, 0, 1, 1, 1, 1, 4, 4, 0, 0, 1, 1, 1, 1, 4, 4, 0, 2, 2, 0, 0, 2, 2, 0, 0, 2, 2, 0, 0, 2, 2, 0, 0, 0, 0, 0, 0, 0, 0, 0, 0, 0, 0, 0, 0, 0, 0, 0, 0, 0, 0, 0, 0, 0, 0, 0, 0, 0, 0, 0, 0, 0, 0, 0, 0, 0, 0, 0, 0, 0, 0, 0, 0, 0, 0, 0, 0, 0, 0, 0, 0, 0, 0, 0, 0, 0, 0, 0, 0, 0, 0, 0, 0, 0, 0, 0, 0, 0, 0, 0, 0, 0, 0, 0, 0, 0, 0, 0, 0, 0, 0, 0, 0, 0, 0, 0, 0, 0, 0, 0, 0, 0, 0, 0, 0, 0, 0, 0, 0, 0, 0, 0, 0, 0, 0, 0, 0, 0, 0, 0, 0, 0, 0, 0]
