0xffffff
0x55aaff
0x55d5ff
0x0055ff
0x0080ff
0xff0000
0x5500ff

CORRECTED MATRIX

[0, 0, 0, 0, 0, 0, 0, 0, 0, 0, 0, 0, 0, 0, 0, 0, 0, 0, 0, 0, 0, 0, 0, 0, 0, 0, 0, 0, 0, 0, 0, 0, 0, 0, 0, 0, 0, 0, 0, 0, 0, 0, 0, 0, 0, 0, 0, 0, 0, 0, 0, 0, 0, 0, 1, 1, 1, 1, 0, 0, 0, 0, 0, 0, 0, 0, 0, 0, 2, 1, 3, 4, 3, 4, 2, 1, 0, 0, 0, 0, 0, 0, 0, 2, 3, 3, 4, 3, 3, 3, 4, 3, 1, 0, 0, 0, 0, 0, 2, 4, 3, 4, 3, 5, 3, 4, 3, 4, 3, 1, 0, 0, 0, 0, 1, 3, 4, 3, 4, 3, 5, 3, 4, 3, 4, 1, 0, 0, 0, 0, 2, 4, 3, 4, 3, 4, 3, 5, 3, 4, 3, 1, 0, 0, 0, 0, 1, 3, 3, 5, 5, 3, 3, 3, 5, 3, 3, 1, 0, 0, 0, 0, 0, 1, 3, 5, 5, 4, 3, 4, 3, 4, 2, 0, 0, 0, 0, 0, 0, 0, 1, 2, 4, 3, 4, 3, 1, 1, 0, 0, 0, 0, 0, 0, 0, 0, 0, 6, 2, 1, 2, 1, 0, 0, 0, 0, 0, 0, 0, 0, 0, 0, 0, 0, 0, 0, 0, 0, 0, 0, 0, 0, 0, 0, 0, 0, 0, 0, 0, 0, 0, 0, 0, 0, 0, 0, 0, 0, 0, 0, 0, 0, 0, 0, 0, 0, 0, 0, 0, 0, 0, 0, 0, 0, 0, 0]
