0xffffff
0x100316
0x9a32d9
0xb263fb
0xf3e6ff
0xc994ff
0xad5cff
0xac42ff
0xab50ff
0x3b1e59
0x150001
0x9b020b
0xaa32a2
0xa846fb
0xddbbff
0xfaf4ff
0xc98dff
0xaf47ff
0x3d2159
0x640000
0xad0000
0x920104
0x4c1e5d
0xa354f4
0xc892fe
0xf8efff
0xf8ecff
0x555259
0x140000
0x940000
0x3e0000
0x000104
0x170c24
0x973fdc
0xb049f2
0xad47f3
0x391f54
0x010000
0x090000
0x030000
0x000001
0x40030d
0xaa040e
0x75040e
0x0a0205
0x380000
0x4e0000
0x8c0000
0x8a0000
0x0e0000
0x040000
0x080000
0x000002
0x000003


CORRECTED MATRIX

[0, 0, 0, 1, 2, 3, 4, 5, 6, 7, 8, 9, 0, 0, 0, 0, 0, 0, 0, 10, 11, 12, 13, 14, 15, 16, 17, 18, 0, 0, 0, 0, 0, 0, 0, 19, 20, 21, 22, 23, 24, 25, 26, 27, 0, 0, 0, 0, 0, 0, 0, 28, 29, 30, 31, 32, 33, 34, 35, 36, 0, 0, 0, 0, 0, 0, 0, 37, 38, 39, 0, 40, 41, 42, 43, 44, 37, 0, 0, 0, 0, 0, 0, 0, 0, 0, 0, 0, 45, 46, 47, 48, 49, 0, 0, 0, 0, 0, 0, 0, 0, 0, 0, 0, 39, 50, 51, 38, 37, 0, 0, 0, 0, 0, 0, 0, 0, 0, 0, 0, 0, 0, 0, 0, 0, 0, 0, 0, 0, 0, 0, 0, 0, 0, 0, 0, 0, 0, 0, 0, 0, 0, 0, 0, 0, 0, 0, 0, 0, 0, 0, 0, 0, 0, 0, 0, 0, 0, 0, 0, 0, 0, 0, 0, 0, 0, 0, 0, 0, 0, 0, 0, 0, 0, 0, 0, 0, 0, 0, 0, 0, 0, 0, 0, 0, 0, 0, 0, 0, 0, 0, 0, 0, 0, 0, 0, 0, 0, 0, 0, 0, 0, 0, 0, 0, 0, 0, 0, 0, 0, 0, 0, 0, 0, 0, 0, 0, 0, 0, 52, 53, 0, 0, 0, 0, 0, 0, 0, 0, 0, 0, 0, 0, 0, 0, 0, 0, 0, 0, 0, 0, 0, 0, 0, 0, 0, 0, 0, 0, 0, 0, 0, 0, 0, 0, 0]
