0xffffff
0x030205
0x0a040e
0x030105
0x060309
0x3d1f5c
0xa23df3
0xa23ef3
0x3d115c
0x5c2e8a
0x13091d
0x964ae1
0xab4fff
0xab3eff
0x9649e1
0x14091e
0x0a050f
0x642e96
0xac41ff
0xaa41ff
0xaa42ff
0xad45ff
0x6a219f
0x663299
0x170a22
0xab53ff
0xaa53ff
0xae55ff
0x6f35a6
0xa443f6
0x330c4d
0x422263
0xab41ff
0xae45ff
0x6f23a6
0xaa3eff
0xad55ff
0x6a349f
0x08040c
0x6c32a3
0xad41ff
0xaa40ff
0xab42ff
0x9b40e9
0x150b20
0x3a1d57
0xa452f6
0xaa45ff
0xab54ff
0x9549df
0x0f0816
0xa841fc
0x3d115b
0xa84efc
0x6c20a2
0x020003
0x402160
0x401f5f
0x030004
0x6a339e
0x170a23
0x572c83
0x030104
0x451368
0x3a0f57
0x020203


CORRECTED MATRIX

[0, 0, 0, 0, 0, 0, 0, 0, 0, 0, 0, 0, 0, 0, 0, 0, 0, 0, 0, 0, 0, 0, 0, 0, 0, 0, 0, 0, 0, 0, 0, 0, 0, 0, 1, 2, 2, 3, 0, 0, 0, 0, 0, 0, 0, 0, 0, 0, 4, 0, 5, 6, 7, 8, 0, 0, 0, 0, 0, 0, 0, 0, 0, 0, 9, 10, 11, 12, 13, 14, 15, 0, 0, 0, 0, 0, 0, 0, 0, 0, 16, 17, 18, 19, 20, 21, 22, 0, 0, 0, 0, 0, 0, 0, 0, 0, 23, 24, 11, 25, 26, 27, 28, 0, 0, 0, 0, 0, 0, 0, 0, 0, 29, 30, 31, 32, 20, 33, 34, 0, 0, 0, 0, 0, 0, 0, 0, 0, 23, 24, 11, 12, 35, 36, 37, 0, 0, 0, 0, 0, 0, 0, 0, 0, 38, 39, 40, 41, 42, 43, 44, 0, 0, 0, 0, 0, 0, 0, 0, 0, 45, 46, 47, 47, 48, 49, 50, 0, 0, 0, 0, 0, 0, 0, 0, 0, 38, 39, 40, 41, 51, 52, 0, 0, 0, 0, 0, 0, 0, 0, 0, 0, 23, 24, 11, 53, 54, 55, 0, 0, 0, 0, 0, 0, 0, 0, 0, 0, 29, 30, 56, 57, 58, 0, 0, 0, 0, 0, 0, 0, 0, 0, 0, 0, 59, 60, 61, 62, 0, 0, 0, 0, 0, 0, 0, 0, 0, 0, 0, 0, 63, 64, 65, 0, 0, 0, 0, 0, 0, 0, 0, 0, 0, 0, 0, 0]
